Thu Aug 26 11:45:36 2021

Parámetros:
Canal de disparo:	3
Frecuencia de muestreo:	50
Nivel de disparo=	2.000000
Cantidad de muestras post trigger =	70
Cantidad de muestras pre trigger =	30
Volts/cuenta =	5000000/8388608
Canal 0 (uV)	Canal 1 (uV)	Canal 2 (uV)	Canal 3 (uV)	Canal 4 (uV)	Canal 5 (uV)	Canal 6 (uV)	Canal 7 (uV)	Tiempo: canal 0 (S) +	uS
931198	1557343	2197553	2348957	2835163	3747397	4387184	5028703	1629989136	805806
923708	1558296	2198788	2348950	2840176	3744540	4385496	5028689	1629989136	968093
933275	1574882	2220205	2348939	2868055	3729149	4372280	5028661	1629989137	130380
941516	1586583	2234341	2349183	2884389	3723549	4375584	5028674	1629989137	292667
934216	1568936	2223163	2349348	2869682	3731241	4378832	5028673	1629989137	454954
933696	1575641	2221876	2349006	2869832	3731047	4379049	5028656	1629989137	617242
933232	1573714	2220799	2348867	2865098	3732247	4379684	5028681	1629989137	779529
932503	1573725	2219877	2348707	2866343	3731082	4378191	5028672	1629989137	941817
922403	1559407	2200290	2348687	2840607	3743506	4385165	5028669	1629989138	104104
923956	1558969	2197549	2348642	2834411	3758875	4400423	5028756	1629989138	266391
894384	1516980	2090706	2348826	2689978	3813192	4399774	5028720	1629989138	428679
899657	1514800	2141013	2348758	2765144	3775791	4401271	5028728	1629989138	590966
901401	1520501	2147257	2348663	2782323	3767863	4397252	5028729	1629989138	753253
906928	1528800	2155356	2348606	2785298	3760448	4385930	5028676	1629989138	915541
922852	1554781	2190155	2348462	2819837	3765902	4397500	5028707	1629989139	77828
910460	1536163	2174107	2348631	2813348	3757888	4392117	5028700	1629989139	240116
914804	1543988	2175930	2348861	2808065	3760055	4393826	5028704	1629989139	402403
913104	1539771	2174817	2349006	2804728	3760521	4394515	5028854	1629989139	564690
913560	1540873	2152565	2348960	2779128	3818126	4418407	5028960	1629989139	726979
916421	1548953	2180556	2348941	2817744	3753533	4390431	5029795	1629989139	889266
936526	1587742	2239929	2348840	2891964	3719404	4374093	5028791	1629989140	51553
890829	1522540	2139965	2348581	2600051	3887277	4421789	5028803	1629989140	213841
861916	1486233	2102887	2346837	2779411	3758222	4408737	5028787	1629989140	376128
908521	1549966	2188140	2357731	2832796	3747995	4386459	5028693	1629989140	538416
922142	1556055	2196094	2514565	2843745	3728870	4377517	5028671	1629989140	700703
935815	1583884	2234770	2525478	2880098	3726190	4376196	5028487	1629989140	862990
924505	1554766	2192926	2528095	2828613	3754043	4394162	5028568	1629989141	25278
901024	1535527	2165219	2527571	2792335	3769894	4401420	5028539	1629989141	187565
900094	1518755	2142340	2527538	2770042	3776623	4401954	5028581	1629989141	349855
898998	1519292	2144489	2637073	2630057	3849980	4439846	5028724	1629989141	512140
776140	1297673	1847503	3344796	2463300	3887280	4458245	5028820	1629989141	674427
834720	1416953	2000056	3750513	2544899	3678536	4362127	5028600	1629989141	836714
939578	1526727	2115550	3077277	2753899	3697149	4354349	5028512	1629989141	999039
996451	1617759	2293646	2780684	2970584	3674494	4350270	5028479	1629989142	161324
952345	1622417	2298363	2780899	2975511	3672670	4349333	5028461	1629989142	323611
953015	1623496	2299958	2781524	2976801	3672325	4349286	5028480	1629989142	485898
953372	1623700	2300027	2781416	2976589	3672196	4349210	5028499	1629989142	648187
953569	1623263	2300268	2780347	2977327	3672126	4349172	5028503	1629989142	810480
953622	1624169	2300443	2779942	2977556	3671924	4349113	5028500	1629989142	972767
953731	1624394	2300824	2778024	2978416	3673336	4349608	5028523	1629989143	135055
953598	1624350	2300672	2778262	2977803	3671946	4349033	5028505	1629989143	297342
953656	1624336	2300707	2779055	2977902	3671866	4349013	5028489	1629989143	459629
953474	1624429	2300817	2779252	2977870	3671913	4349018	5028509	1629989143	621917
953571	1624329	2300816	2779488	2977964	3671848	4349031	5028488	1629989143	784204
953884	1624523	2300900	2780188	2978022	3671918	4349007	5028491	1629989143	946493
953586	1624272	2300862	2779642	2978076	3671798	4348959	5028475	1629989144	108780
953646	1624440	2300824	2779643	2977890	3671860	4348980	5028462	1629989144	271067
953506	1624098	2300681	2779120	2977740	3671760	4348936	5028470	1629989144	433355
953568	1624214	2300624	2780487	2974393	3671382	4348953	5028470	1629989144	595642
953335	1624182	2300814	2779752	2977964	3671675	4348915	5028465	1629989144	757929
953285	1624153	2300755	2778465	2978057	3671637	4348888	5028469	1629989144	920219
953503	1624282	2300878	2778312	2978142	3671648	4348891	5028467	1629989145	82506
953427	1624101	2300812	2778779	2978089	3671589	4348815	5028466	1629989145	244794
953209	1623988	2300567	2779176	2978002	3671578	4348858	5028466	1629989145	407081
953256	1624096	2300720	2779432	2978030	3671541	4348817	5028463	1629989145	569368
953256	1624101	2300790	2778694	2978041	3671667	4348912	5028566	1629989145	731656
952921	1622782	2299805	2779760	2978119	3671716	4348934	5028666	1629989145	893944
953006	1623941	2300668	2779206	2977972	3671656	4349068	5028795	1629989146	56231
953114	1624278	2301632	2780235	2977702	3671495	4348892	5028437	1629989146	218518
951938	1623066	2299745	2780320	2977319	3671135	4349040	5028430	1629989146	380805
951899	1623033	2302745	2780632	2977407	3671223	4348562	5028435	1629989146	543093
949245	1620828	2298169	2780644	2976132	3670284	4348139	5028427	1629989146	705382
955420	1624642	2301045	2780537	2977538	3672108	4348925	5028431	1629989146	867668
952105	1627144	2300656	2780294	2977317	3671186	4348617	5028438	1629989147	29957
953792	1625377	2302128	2780004	2976006	3670217	4348129	5028433	1629989147	192244
949136	1620694	2298022	2780463	2975972	3670261	4348130	5028423	1629989147	354532
949363	1620772	2297993	2780608	2976010	3670322	4348118	5028421	1629989147	516819
949076	1620597	2297925	2780702	2975967	3670249	4348130	5028426	1629989147	679106
949361	1620881	2298115	2780698	2976010	3670327	4348847	5028434	1629989147	841394
953403	1623105	2299951	2780837	2977309	3671206	4348811	5028386	1629989148	3681
953170	1623338	2300435	2780698	2978195	3671489	4348638	5028424	1629989148	165968
953150	1624505	2301291	2780590	2976024	3670294	4348130	5028395	1629989148	328256
949580	1620921	2298159	2780510	2976074	3670327	4348145	5028384	1629989148	490543
949525	1620966	2298248	2780640	2976159	3670282	4348123	5028401	1629989148	652831
949533	1620935	2298174	2780644	2976172	3670293	4348134	5028399	1629989148	815121
949479	1620962	2298235	2780536	2976119	3670234	4348109	5028404	1629989148	977408
949635	1620976	2298232	2780341	2976222	3670309	4348138	5028388	1629989149	139695
949484	1620990	2298311	2780277	2976271	3670231	4348114	5028393	1629989149	301986
949428	1620889	2298219	2780626	2976263	3670203	4348099	5028385	1629989149	464273
949467	1620992	2298263	2780217	2976234	3670149	4348039	5028398	1629989149	626561
949311	1620815	2298203	2780591	2976165	3670147	4348074	5028393	1629989149	788848
949505	1620866	2298206	2779983	2976115	3670129	4348053	5028408	1629989149	951136
949460	1620860	2298216	2779644	2976289	3670153	4348070	5028386	1629989150	113423
949563	1620980	2298351	2779564	2976154	3670162	4348114	5028390	1629989150	275711
949440	1620994	2298283	2779610	2976186	3670175	4348108	5028394	1629989150	437998
949368	1620901	2298235	2779860	2976139	3670148	4348051	5028368	1629989150	600285
949254	1620819	2298088	2780069	2976140	3670153	4348079	5028397	1629989150	762573
949225	1620738	2298083	2780318	2976149	3670175	4348067	5028400	1629989150	924860
949414	1620877	2298243	2780833	2976254	3670178	4348077	5028387	1629989151	87147
949425	1620944	2298203	2780813	2976189	3670144	4348020	5028370	1629989151	249435
949309	1620920	2298220	2780874	2976214	3670223	4348075	5028379	1629989151	411722
949334	1620877	2298259	2780936	2976297	3670090	4347830	5028360	1629989151	574010
947865	1619223	2296935	2781028	2974859	3669219	4347552	5028368	1629989151	736297
946705	1618428	2296542	2780990	2973173	3668187	4347582	5028344	1629989151	898584
951766	1622982	2299811	2781121	2977187	3670713	4348053	5028365	1629989152	60872
950682	1621059	2298147	2781098	2976646	3670414	4348402	5028353	1629989152	223159
947291	1621651	2300074	2780987	2977390	3670901	4348395	5028339	1629989152	385446
952494	1624562	2300650	2780993	2978017	3671229	4348402	5028353	1629989152	547734
951608	1622789	2298749	2781027	2974386	3669079	4347472	5028352	1629989152	710021
945924	1618594	2296227	2780932	2974461	3668867	4347454	5028356	1629989152	872308
946468	1618588	2295937	2780805	2973917	3668747	4347421	5028359	1629989153	34596


